0.000000000000000000e+00 9.400530582276228619e-01
1.000000000000000056e-01 8.737906274612677882e-01
2.000000000000000111e-01 8.075281967183167708e-01
2.999999999999999889e-01 7.412657659890263817e-01
4.000000000000000222e-01 6.750033352113580243e-01
5.000000000000000000e-01 6.087409044615295084e-01
5.999999999999999778e-01 5.424784737133555579e-01
6.999999999999999556e-01 4.762160429521736793e-01
8.000000000000000444e-01 4.099536121904467922e-01
9.000000000000000222e-01 3.436911814201404902e-01
1.000000000000000000e+00 2.774287506721505037e-01
1.100000000000000089e+00 2.111663198803069574e-01
1.199999999999999956e+00 1.449038891561675590e-01
1.300000000000000044e+00 7.864145838834778190e-02
1.399999999999999911e+00 1.237902763759561250e-02
1.500000000000000000e+00 -5.388340311238373065e-02
1.600000000000000089e+00 -1.201458339101275918e-01
1.699999999999999956e+00 -1.864082646447582925e-01
1.800000000000000044e+00 -2.526706954170763741e-01
1.899999999999999911e+00 -3.189331261644472448e-01
2.000000000000000000e+00 -3.851955569114173250e-01
