0.000000000000000000e+00 1.000000027505503875e+00
2.000000000000000111e-01 8.668148362179209920e-01
4.000000000000000222e-01 7.336296452987332017e-01
6.000000000000000888e-01 6.004444541624167631e-01
8.000000000000000444e-01 4.672592628253019464e-01
1.000000000000000000e+00 3.340740718160411515e-01
1.200000000000000178e+00 2.008888803609623352e-01
1.400000000000000133e+00 6.770368925245862091e-02
1.600000000000000089e+00 -6.548150164808011486e-02
1.800000000000000044e+00 -1.986666928967701085e-01
2.000000000000000000e+00 -3.318518842037859184e-01
