0.000000000000000000e+00 5.652873637992924527e-01
1.000000000000000056e-01 6.592797688930404076e-01
2.000000000000000111e-01 7.532720239869921119e-01
2.999999999999999889e-01 8.472643124143551807e-01
4.000000000000000222e-01 9.412567008411589775e-01
5.000000000000000000e-01 1.035249622596256414e+00
5.999999999999999778e-01 1.129240844364803875e+00
6.999999999999999556e-01 1.223233232794786129e+00
8.000000000000000444e-01 1.317225787883077981e+00
9.000000000000000222e-01 1.411218509648768382e+00
1.000000000000000000e+00 1.505210064735514885e+00
1.100000000000000089e+00 1.599202953165867358e+00
1.199999999999999956e+00 1.693195674922007399e+00
1.300000000000000044e+00 1.787188063352793455e+00
1.399999999999999911e+00 1.881179951781608573e+00
1.409999999999999920e+00 1.897336127916349424e+00
1.500000000000000000e+00 1.975172006869522878e+00
1.600000000000000089e+00 2.069165228641159704e+00
1.699999999999999956e+00 2.163156950396551093e+00
1.800000000000000044e+00 2.257149172160273221e+00
1.899999999999999911e+00 2.351142060582677384e+00
2.000000000000000000e+00 2.445134115678550213e+00
