0.000000000000000000e+00 5.000003734427856950e-01
2.000000000000000111e-01 7.000005228198920015e-01
4.000000000000000222e-01 9.000006721970063017e-01
6.000000000000000888e-01 1.100000821574125931e+00
8.000000000000000444e-01 1.300000970951231904e+00
1.000000000000000000e+00 1.500001120328358084e+00
1.200000000000000178e+00 1.700001269705467832e+00
1.400000000000000133e+00 1.900001419082569809e+00
1.501668494513069163e+00 2.001671495018439106e+00
1.600000000000000089e+00 2.100001568459706203e+00
1.800000000000000044e+00 2.300001717836797965e+00
2.000000000000000000e+00 2.500001867213908824e+00
