4.799999999999999822e-01 1.292247153646771949e+04 1.829487347290347232e-01 4.181089994546791089e-02
5.600000000000000533e-01 2.883870655218281172e+03 2.259127955828999779e-01 5.125147272269654775e-02
5.799999999999999600e-01 2.263235562380823467e+03 2.331328196257407281e-01 5.046794089708919739e-02
5.999999999999999778e-01 1.828657786169667361e+03 2.395965836086923484e-01 4.875236495238299134e-02
6.199999999999999956e-01 1.512308764789865791e+03 2.457142842633579516e-01 4.933346348507395424e-02
6.400000000000000133e-01 1.275999607200315722e+03 2.516695137581388964e-01 4.656345335055143281e-02
6.600000000000000311e-01 1.094758545473531058e+03 2.574953625009788749e-01 4.599889869937087705e-02
6.800000000000000488e-01 9.525206516915146722e+02 2.626887584624515437e-01 4.312161360152391015e-02
6.999999999999999556e-01 8.389080692181613585e+02 2.669624209785920743e-01 4.084300912376515741e-02
7.199999999999999734e-01 7.455474651464270437e+02 2.700993976503806571e-01 3.866546590307351483e-02
7.399999999999999911e-01 6.673652011944420792e+02 2.720349845149736545e-01 3.615531346042494265e-02
7.600000000000000089e-01 6.010840422513659860e+02 2.726996371640111883e-01 3.346912518141091641e-02
7.800000000000000266e-01 5.440215225744295822e+02 2.726387131439083622e-01 3.070746148687553134e-02
8.000000000000000444e-01 4.941755474350391069e+02 2.724687326049811120e-01 2.780365471988643575e-02
8.199999999999999512e-01 4.500083998544661767e+02 2.726092183282500248e-01 2.484049169941738786e-02
8.399999999999999689e-01 4.117951781501853361e+02 2.736283645251333940e-01 2.088548911941992894e-02
8.599999999999999867e-01 3.783247996372425632e+02 2.757213561947360891e-01 1.945175153532425344e-02
8.800000000000000044e-01 3.494388192354007856e+02 2.789820387513346489e-01 1.534271685697247145e-02
9.000000000000000222e-01 3.241159195391708181e+02 2.829369883148221132e-01 9.333664391217494360e-03
9.200000000000000400e-01 3.020683669576597481e+02 2.874184689640679191e-01 5.993895726092549753e-03
9.399999999999999467e-01 2.829377269450047834e+02 2.922345037190919315e-01 1.791533940470919775e-03
9.599999999999999645e-01 2.662790425387685218e+02 2.972495006026865672e-01 5.957989864293097501e-03
9.799999999999999822e-01 2.515615311130758585e+02 3.021780878058917263e-01 9.079423304619442178e-03
1.000000000000000000e+00 2.381860166914961781e+02 3.069669359351722138e-01 1.419613999290269754e-02
1.020000000000000018e+00 2.267662003998463547e+02 3.117298247707161463e-01 2.297561875203450038e-02
1.100000000000000089e+00 1.908519147284750090e+02 3.283401230317678499e-01 5.110516110909313348e-02
1.300000000000000044e+00 1.396272214655304822e+02 3.553159203044153336e-01 1.038339969466360313e-01
1.399999999999999911e+00 1.245972066394596993e+02 3.629365267244890614e-01 1.445946388249292058e-01
1.500000000000000000e+00 1.127849968985837847e+02 3.678371880815156647e-01 1.679638195679936385e-01
1.600000000000000089e+00 1.033554007343746974e+02 3.708038436352540379e-01 1.981351611197512130e-01
1.699999999999999956e+00 9.557262926774735945e+01 3.723938325076859290e-01 2.301188491221231591e-01
1.800000000000000044e+00 8.880053944228706087e+01 3.730437162848571075e-01 2.623800093255967969e-01
1.899999999999999911e+00 8.320610355716706863e+01 3.729276004755560092e-01 2.943710956824459046e-01
2.000000000000000000e+00 7.815843460238947671e+01 3.724650366890065456e-01 3.066318315942729855e-01
