1.000000000000000042e-02 1.276800978726763600e+04 3.860536857710561400e-01 1.305464117943477000e-03
2.000000000000000042e-02 6.381383978602586467e+03 3.861077002674676573e-01 6.569793465620686092e-03
4.000000000000000083e-02 3.191271243972603770e+03 3.861088439006848949e-01 1.305040049138366139e-02
5.999999999999999778e-02 2.127356289097091576e+03 3.860580112597161162e-01 1.954713003788877482e-02
8.000000000000000167e-02 1.596682483611721864e+03 3.860278426290922882e-01 2.783554368900149206e-02
1.000000000000000056e-01 1.278578222813094726e+03 3.860776791278907050e-01 3.684902303164747789e-02
1.199999999999999956e-01 1.066362923402693013e+03 3.860597136769813309e-01 4.666993520207828733e-02
1.400000000000000133e-01 9.126027597597552585e+02 3.860117703664606159e-01 5.122024164009424119e-02
1.600000000000000033e-01 8.002999624877918450e+02 3.859212539856721191e-01 5.770109627611019060e-02
2.000000000000000111e-01 6.410273910833959690e+02 3.858623723088467905e-01 8.079576792031947785e-02
2.399999999999999911e-01 5.342193651329413342e+02 3.858351195362003661e-01 9.873357682129263457e-02
2.999999999999999889e-01 4.269300986738648476e+02 3.858726241279631930e-01 1.255750256485997640e-01
3.800000000000000044e-01 3.408904179276431705e+02 3.856517536343520569e-01 1.592828977523615963e-01
5.000000000000000000e-01 2.664591915404573683e+02 3.843742562680358410e-01 1.970378175257603282e-01
5.999999999999999778e-01 2.132398882746427944e+02 3.859736369562905556e-01 2.130839869271639875e-01
6.999999999999999556e-01 1.825958456076752725e+02 3.859462676561669636e-01 2.871085123645899517e-01
7.500000000000000000e-01 1.708908137602668944e+02 3.859035965673728308e-01 2.742629873823650977e-01
9.000000000000000222e-01 1.420888827831547587e+02 3.862095519263339383e-01 3.774155643492608792e-01
9.499999999999999556e-01 1.350807839983920076e+02 3.858281006885113107e-01 3.451275777180173865e-01
1.100000000000000089e+00 1.162742946204508598e+02 3.859790115949955913e-01 4.045736339891958799e-01
1.199999999999999956e+00 1.066200041545224764e+02 3.859735905367365771e-01 4.375948170717371410e-01
1.399999999999999911e+00 9.129807429573465072e+01 3.859461410184092944e-01 5.723836629589976743e-01
1.500000000000000000e+00 8.544546231402945580e+01 3.859035437319406903e-01 5.469476662438494952e-01
1.800000000000000044e+00 7.104571640923997222e+01 3.859283459746297162e-01 7.413488726807629936e-01
2.000000000000000000e+00 6.427087178560475422e+01 3.858332852679941527e-01 7.899132269230184633e-01
